LLumar

3416, 3901, 5978, 5720, 6769, 3713, 6588, 2124, 3714, 3716, 3725, 2102, 1619, 2582, 1534, 2125, 4055, 4056, 5896, 1620, 6786, 1444, 1445, 3830, 6508, 2671, 3715, 5079, 2403, 2883, 3712, 5977, 3718, 6620, 6548, 2218, 6621, 2605, 1344, 3358, 3935, 4060, 3420, 3356, 2321, 2272, 3722, 3720, 1453, 3721, 1452, 5001, 5178, 5000, 5291, 3395, 3304, 2291, 2144, 4073, 6853, 4096, 6915

3M Solar

6677, 6723, 6396, 6685, 6205, 5385, 5130, 5093, 5705, 4075, 6395, 6228, 6254, 6581, 6226, 3597, 6411, 6721, 6124, 6702, 6054, 6529, 6812, 6849, 6873, 6670, 6392, 1511, 2778, 6734, 6747, 6749, 6748, 3663, 6722, 6852, 6579, 6741, 6795, 6594, 6591, 6592, 5716, 3635, 6730, 3680, 3138, 3691, 6502, 6559, 3622, 2164, 6307, 6772, 3690, 6496, 2679, 6838, 6839, 6814, 6845

3M Fasara

6069, 6061, 6166, 6716, 6070, 6002, 8129, 1542, 2333, 6846, 2252, 1797, 3743, 5376, 1774, 6820, 1784, 3118, 6221, 6210, 1807, 2159, 2968, 3098, 2814, 6755, 6624, 3645, 6036, 6803, 6250, 6246, 6244, 6711, 5958, 1524, 3849, 6569, 6591, 2809, 4047, 6203, 5419, 2071, 1434, 5054, 5280, 5327, 2304, 6472, 4018, 6804, 3858, 5392, 5278, 3859, 3564, 6851, 6391, 5961, 6847, 6488, 3758, 5756, 6550, 3813, 5046, 6689, 6840, 6841, 6513, 6826, 2911, 6724, 6732, 6535, 6076, 6649, 6691, 6701, 6160, 6152, 4042, 6568, 6150, 6842, 6434, 6911

Solar Gard

6512, 6693, 3918, 6664, 4045, 3805, 3864, 3657, 3670, 5711, 6004, 6531, 6697, 6537, 6751, 3922, 3655, 6761, 6715, 6459, 5973, 3650, 6361, 6362, 6363, 5835, 6309, 3736, 3133, 3134, 6310, 6360, 5203, 3767, 3768, 3189, 3749, 3750, 5693, 5694, 5692, 2349, 6333, 3510, 3842, 3651, 6442, 6709, 5712, 6850, 6436, 5404

Solyx

6720, 6793, 6705, 6754, 6774, 6178, 5736, 2283, 3265, 3398, 1764, 5877, 3294, 3765, 2165, 2613, 3307, 6575, 6869, 5972, 5328, 5329, 3359, 2891, 6142, 3726, 3642, 3070, 3053, 4026, 6387, 4024, 4026, 6426, 6050, 6813, 2897, 6352, 1780, 3351, 6469, 5391, 5898, 3808, 6443, 6617, 6438, 6416, 6607, 6491, 6318, 6072, 4002, 6636, 6492, 6608, 6541, 6580, 6130, 6773, 6555, 6572, 6042, 6139, 5354, 5387, 2804, 1364, 5759, 6380, 3153, 2670, 6864, 6896, 6897, 2137, 2806, 3609, 2147, 6703, 6596, 1537, 3498, 3732, 2140, 3017, 2148, 3740, 3465, 1438, 1437, 1436, 3464, 4083, 5758, 5760, 2246, 6635, 1457, 1456, 6419, 6468, 6865, 6364, 6347, 6457, 6458, 3400, 6616, 6860, 6859, 6905, 5875, 6606, 6610, 6727, 6854, 6038, 6280, 2932, 6879, 6788, 6861, 3457, 3965, 5764, 6699, 6661, 66660, 6662, 6539, 6380, 5356, 6881, 6815, 3827, 6800, 6797, 6519, 2152, 2132, 6827, 6828, 3257, 6878, 6167, 6903, 6527, 6843

Madico

6912, 6895, 6891, 6894, 6890, 6889, 6892, 5900, 6644, 6642, 5761, 6883, 6740, 5814, 6353, 5893, 6739, 6079, 6099, 6084, 6088, 6100, 5420, 5762, 5815, 6188, 6552, 6648, 5739, 6877, 6737, 6171, 6295, 6867, 6281, 6868, 6618, 6480, 6367, 6082, 6771, 6870, 6604, 6340, 6335, 6603, 6602, 6735

3M Security Film

6805, 5844, 6168, 6482, 6880, 6518, 6271, 6753, 5714, 6638, 6525, 6762, 3704, 6726, 6770, 6686, 6286, 6432, 6714

3M Di-Noc Film

3963, 5991, 4067, 3519, 3753, 3289, 3357, 3961, 4074, 5897, 5952, 3591, 3893, 3409, 2598, 2706, 2410, 2411, 2409, 5836, 6204, 3137, 3074, 2734, 6777, 5837, 6600, 6659, 2915, 2279, 6155, 2361, 2865
